62251
486355
395382
516998
425555
357930
158563
412301
326312
114313
148392
455435
90351
80010
80013
335839
520338
214732
252201
273198
330053
246612
564088
279818
509536
168337
437432
62251
268059
155873
575012
436387
395382
76765
425555
455515
375493
487698
117674
73832
110460
403515
176466
127474
378831
509536
88848
339058
547336
92543
465049
261151
425817
284756
126907
190920
164348
322394
119384
255295
269160
246245
373898
259458
218830
340539
564162
72133
408243
228091
453899
533989
545135
380191
86676