114790
164602
488240
549450
318022
123480
309484
111194
110587
187177
451123
258815
71360
372349
46889
14892
450169
464751
507167
65244
463599
246576
179251
148329
200381
349590
579468
465179
522425
507473
164602
548223
562045
258815
372349
26697
252403
410583
386716
209868
360216
187743
309418
237350
544519
547137
200381
570039
315986
537860
466243
204606
291466
116872
190863
556554
80094
19647
314537
113127
71476
217495
481552
121678
38487
302924
148859
386864
475711
148862
417105
521096
213555
109139
331324