499177
260409
56752
260627
557016
531061
117458
207853
418816
84447
492885
137803
374559
143737
577398
400853
153734
136770
4069
138503
171360
503135
408449
115370
298762
557016
531061
535483
255795
148055
180362
70321
153734
258382
321107
181542
169800
185156
277542
436350
408610
534336
130432
537889
49450
301937
176466
423484
198416
239351
379340
14698
279034
460702
199527
364561
525510
239457
190360
32295
117178
384680
7500
22806
137778
571848
183068
215738
511814
362739
268737
19499
59985
245483
481627