19157
538230
232511
493641
199481
129756
220511
352761
22671
326368
378561
147979
23741
426342
275015
319541
180011
401163
454449
508787
97988
262175
527440
559416
27528
19157
148055
268469
388829
232511
158922
319541
155873
118465
75187
297669
27528
304305
166868
528257
87553
442746
505039
540372
350959
421361
558661
242906
344741
380088
539984
565401
457888
13715
514155
366789
574667
243000
404114
551595
322768
440698
112697
563394
558596
58099
306354
400371
558274
169902
314693
447471
404701
523553
487903