113588
53431
246004
504900
129864
53058
466229
170813
441518
14226
564336
177015
290558
327864
221390
76547
292082
199962
482242
184295
430319
84674
350160
308576
463557
407286
246004
107963
413552
111806
216051
517967
230501
552061
292082
353968
77689
553788
430319
409708
438531
15140
212927
118542
422700
451155
31521
62703
325873
578489
373024
167765
410256
79883
231500
261990
534972
423488
251723
81074
277795
64684
64834
161386
178924
452205
319917
451279
477233
499364
326210
40988
493504
461042
515803