292648
142697
409581
430302
46736
272153
323951
521994
239260
433787
43850
45587
462728
324500
559062
490171
339468
33377
459733
391225
565087
579822
443363
5105
551957
489339
430302
117584
499198
216096
392108
410056
324500
248206
33377
124620
111644
507087
340007
231079
444631
87409
486864
181805
355660
405216
28194
278967
84004
578736
513461
291827
533441
557236
230214
114830
220033
474597
76934
320721
67269
518966
419994
333087
494174
43407
183386
462208
331072
254266
382274
113598
371939
418634
377816