279806
499177
370165
118965
490847
139169
504498
84447
538230
29187
29776
26209
135690
71918
175737
102331
400853
4069
303738
290170
128978
22816
106375
382554
148843
31984
511463
239387
239351
170147
552532
540372
520964
293505
560626
52853
97006
354241
415153
573088
489944
3209
15956
104691
49068
371283
422755
380552
154090
433311
501026
131245
377432
351164
29525
33955
41826
353086
398183
378071
18702
335481
334997
415288
390559
14089
497815
162204
274574
333124
61755
516158
117325
205679
107019