52087
487338
45976
378163
191691
555669
302292
442549
488240
564404
501919
318022
549450
363181
381134
517793
64909
38726
455435
498392
34617
511654
44508
64146
484681
64088
487338
107304
555669
327436
574825
404444
20760
287190
24386
517793
203294
445682
173908
470714
450081
522576
466936
347695
109316
1841
549255
94926
85329
193669
72704
360053
348595
511577
237886
91348
127657
266083
529389
198308
532257
111141
122688
80084
417766
499028
470206
84147
158432
357461
323162
344806
187156
285041
440087