282346
118965
481573
494555
579902
318543
490381
495252
103413
554669
279278
293802
149571
231795
244151
540556
223157
220511
434689
268539
492362
27611
87038
539565
215151
539124
16285
571012
394892
189193
500100
286018
118906
305799
112769
485142
451463
392382
304834
25864
474034
63934
693
358195
300863
572182
303926
412975
386204
500270
334790
355651
531423
467038
242537
497819
261485
192167
33718
44327
550453
266311
321304
116804
219322
412519
333087
22427
422603
578356
316667
270947
378494
157519
80271