568265
104715
569
511363
275015
425727
517793
148785
82920
273232
496768
99592
105960
85584
576987
75375
359677
82718
539386
449676
543082
382572
527002
185487
453334
54679
486400
569
248965
158922
425727
517793
139781
477955
406917
88815
453334
460837
58520
115459
32364
306879
285250
245414
413950
34808
469051
5513
143926
183387
480489
9935
28868
31161
256967
308103
187435
499120
238260
174129
41437
183386
119093
310175
438377
194450
182027
501176
283279
83085
333355
365363
409681
359870
178426